        -1
        -1
  7.0000D+00
         1     21246     25076 -3.6800E-02  1.2075E+01
         1     23488     25076 -1.2000E-01  1.1535E+01
         1     21089     25076  9.2800E-02  1.2496E+01
         1     23703     25076 -6.7200E-02  1.2331E+01
         1     22381     25076  4.8000E-02  1.1852E+01
         1     22286     25076  6.9600E-01  1.2081E+01
         1     21165     25076  9.2800E-02  1.2271E+01
         1     22502     25076  1.2800E-02  1.2145E+01
         1     23578     25076  9.6000E-02  1.1883E+01
         1     22436     25076  1.8560E-01  1.2431E+01
   TTb_17U_294   1.2222E+01 -7.0308E-02  1.9861E+00  2.9403E+02
         2     21559     16882 -3.6800E-02  1.5335E+01
         2     21506     16882 -1.2000E-01  1.5144E+01
         2     23258     16882 -9.1200E-02  1.4920E+01
         2     23129     16882 -9.1200E-02  1.5633E+01
         2     21537     16882  3.2000E-02  1.5241E+01
         2     22357     16882  3.0400E-01  1.5050E+01
         2     22390     16882  6.0800E-02  1.5150E+01
         2     22319     16882  6.0800E-02  1.5483E+01
         2     22303     16882  3.0400E-01  1.5381E+01
         2     23190     16882  5.7760E-01  1.5277E+01
   TTb_17S_294   1.5257E+01 -6.3721E-02  1.0511E+01  2.9484E+02
         3     22902     13774 -1.0080E-01  1.9054E+01
         3     22628     13774 -1.2000E-01  1.8490E+01
         3     24142     13774 -1.1520E-01  1.9081E+01
         3     23777     13774 -1.9200E-02  1.9212E+01
         3     22746     13774  1.1200E-01  1.8799E+01
         3     23367     13774  1.4400E-01  1.8782E+01
         3     23496     13774  1.0080E-01  1.9145E+01
         3     23382     13774  2.6880E-01  1.9172E+01
         3     23245     13774  3.8400E-01  1.8836E+01
         3     23929     13774  3.4560E-01  1.9152E+01
   TTb_17N_294   1.9038E+01 -3.6264E-02  1.9284E+01  2.9563E+02
         4     46809     10733 -5.2800E-02  1.3888E+01
         4     46853     10733 -1.2000E-01  1.3942E+01
         4     47497     10733 -1.1520E-01  1.4132E+01
         4     46997     10733 -6.7200E-02  1.5268E+01
         4     46832     10733  5.2800E-01  1.3920E+01
         4     47176     10733  2.1600E-01  1.4039E+01
         4     47151     10733  3.1680E-01  1.4018E+01
         4     46898     10733  1.4080E-01  1.4574E+01
         4     46918     10733  9.6000E-02  1.4604E+01
         4     47249     10733  5.7600E-02  1.4698E+01
   TTb_17U_330   1.4063E+01 -8.0806E-02  2.7212E+00  3.2995E+02
         5     47420      8329 -3.6800E-02  1.8822E+01
         5     47294      8329 -8.0000E-02  1.7694E+01
         5     46659      8329 -1.9200E-02  1.8271E+01
         5     47034      8329 -6.7200E-02  1.7564E+01
         5     47358      8329  6.4000E-02  1.8259E+01
         5     46993      8329  7.6800E-01  1.7983E+01
         5     47038      8329  7.6800E-02  1.8550E+01
         5     47229      8329  1.2800E-02  1.8192E+01
         5     47162      8329  1.2800E-01  1.7635E+01
         5     46845      8329  1.5360E-01  1.7917E+01
   TTb_17S_330   1.8007E+01  1.3245E-02  8.6231E+00  3.2999E+02
         6     47178     33626  4.3200E-02  2.2890E+01
         6     46677     33626 -1.2000E-01  2.1592E+01
         6     46485     33626 -6.7200E-02  2.2783E+01
         6     47238     33626 -6.7200E-02  2.1659E+01
         6     46933     33626  6.4800E-01  2.2241E+01
         6     46576     33626  9.6000E-02  2.2188E+01
         6     46842     33626  1.7280E-01  2.2839E+01
         6     47209     33626  1.7280E-01  2.2271E+01
         6     46958     33626  9.6000E-02  2.1629E+01
         6     46867     33626  2.5600E-02  2.2218E+01
   TTb_17N_330   2.2394E+01  7.4289E-02  1.4670E+01  3.3000E+02
         7     52627     10096 -1.0880E-01  1.5934E+01
         7     52477     10096 -8.0000E-02  1.7534E+01
         7     52894     10096 -1.1520E-01  1.7125E+01
         7     52187     10096 -9.1200E-02  1.7656E+01
         7     52541     10096  1.3600E-01  1.6717E+01
         7     52674     10096  7.2000E-02  1.7329E+01
         7     52755     10096  2.4480E-01  1.6527E+01
         7     52396     10096  5.1680E-01  1.6772E+01
         7     52322     10096  1.5200E-01  1.7596E+01
         7     52517     10096  2.7360E-01  1.7391E+01
   TTb_17U_348   1.6949E+01 -9.4330E-02  7.1666E+00  3.4810E+02
         8     52673      9876 -1.2480E-01  1.8445E+01
         8     52305      9876  1.2000E-01  1.9320E+01
         8     52678      9876 -6.7200E-02  1.8954E+01
         8     51920      9876 -6.7200E-02  1.8395E+01
         8     52490      9876  5.7600E-01  1.8889E+01
         8     52491      9876  1.9200E-01  1.9137E+01
         8     52676      9876  7.6800E-02  1.8702E+01
         8     52236      9876  7.6800E-02  1.8425E+01
         8     52108      9876  1.9200E-01  1.8854E+01
         8     52238      9876  2.5600E-02  1.8665E+01
   TTb_17S_348   1.9010E+01  1.3412E-01  1.0333E+01  3.4792E+02
         9     52848     21090 -3.6800E-02  2.0113E+01
         9     52377     21090  1.2000E-01  2.1441E+01
         9     52853     21090 -6.7200E-02  2.1578E+01
         9     52366     21090 -1.2320E-01  2.0407E+01
         9     52597     21090  9.6000E-02  2.0771E+01
         9     52598     21090  1.9200E-01  2.1511E+01
         9     52851     21090  1.2800E-02  2.0846E+01
         9     52592     21090  4.4800E-02  2.0264E+01
         9     52370     21090  6.7200E-01  2.0925E+01
         9     52593     21090  8.9600E-02  2.0996E+01
   TTb_17N_348   2.1110E+01  4.6526E-02  1.3533E+01  3.4800E+02
        10     54898     17738 -3.6800E-02  2.3209E+01
        10     53834     17738 -1.2000E-01  2.3258E+01
        10     54876     17738 -1.2320E-01  2.3211E+01
        10     54357     17738 -1.9200E-02  2.2440E+01
        10     54394     17738  3.2000E-02  2.3229E+01
        10     54383     17738  2.2400E-01  2.3234E+01
        10     54886     17738  4.4800E-02  2.3217E+01
        10     54633     17738  7.6800E-02  2.2822E+01
        10     54150     17738  3.8400E-01  2.2846E+01
        10     54631     17738  5.3760E-01  2.2821E+01
 TTb_17N_350.8   2.2846E+01  1.7599E-01  1.6469E+01  3.5076E+02
        11     61534     21248 -5.2800E-02  1.9739E+01
        11     60918     21248 -1.2000E-01  2.0693E+01
        11     61117     21248 -6.7200E-02  1.9276E+01
        11     61232     21248 -1.2320E-01  2.0539E+01
        11     61238     21248  3.5200E-01  2.0208E+01
        11     61022     21248  6.4000E-02  1.9978E+01
        11     61321     21248  1.4080E-01  1.9511E+01
        11     61382     21248  4.9280E-01  2.0135E+01
        11     61081     21248  2.2400E-01  2.0618E+01
        11     61174     21248  8.9600E-02  1.9908E+01
   TTb_17S_370   2.0113E+01 -1.2257E-02  1.4816E+01  3.6986E+02
        12     63161     33328  3.5520E-01  1.9402E+01
        12     63693     33328 -8.0000E-02  1.9313E+01
        12     63039     33328 -6.7200E-02  1.9532E+01
        12     63340     33328 -6.7200E-02  2.0024E+01
        12     63391     33328  2.9600E-01  1.9357E+01
        12     63318     33328  3.2000E-02  1.9422E+01
        12     63094     33328  2.3680E-01  1.9469E+01
        12     63249     33328  2.3680E-01  1.9716E+01
        12     63499     33328  3.2000E-02  1.9666E+01
        12     63186     33328  2.5600E-02  1.9781E+01
   TTb_17U_378   1.9454E+01 -1.0650E-01  1.4954E+01  3.7812E+02
        13     63363     15589 -5.2800E-02  2.0852E+01
        13     62733     15589 -1.2000E-01  2.0537E+01
        13     63340     15589 -1.1520E-01  2.0024E+01
        13     63132     15589 -1.1520E-01  2.0174E+01
        13     63025     15589  3.5200E-01  2.0698E+01
        13     63014     15589  1.4400E-01  2.0277E+01
        13     63352     15589  3.1680E-01  2.0434E+01
        13     63246     15589  3.1680E-01  2.0515E+01
        13     62931     15589  1.4400E-01  2.0355E+01
        13     63240     15589  1.2960E-01  2.0100E+01
   TTb_17S_378   2.0518E+01  3.9425E-02  1.7196E+01  3.7802E+02
        14     63260     14750 -1.2480E-01  2.1279E+01
        14     62866     14750 -8.0000E-02  2.1191E+01
        14     63190     14750  9.2800E-02  2.1781E+01
        14     63363     14750 -6.7200E-02  2.0852E+01
        14     63051     14750  9.6000E-02  2.1234E+01
        14     63015     14750  2.3200E-01  2.1487E+01
        14     63229     14750  5.5680E-01  2.1536E+01
        14     63309     14750  7.6800E-02  2.1066E+01
        14     63092     14750  3.2000E-02  2.1023E+01
        14     63272     14750  1.8560E-01  2.1323E+01
   TTb_17N_378   2.1532E+01  3.6818E-02  1.9294E+01  3.7803E+02
        15     64404     23358 -3.6800E-02  2.2458E+01
        15     64010     23358 -8.0000E-02  2.2466E+01
        15     64787     23358 -1.1520E-01  2.2409E+01
        15     64438     23358 -9.1200E-02  2.1978E+01
        15     64224     23358  6.4000E-02  2.2461E+01
        15     64408     23358  2.8800E-01  2.2446E+01
        15     64584     23358  2.8800E-02  2.2435E+01
        15     64422     23358  6.0800E-02  2.2207E+01
        15     64236     23358  6.0800E-01  2.2208E+01
        15     64607     23358  2.7360E-01  2.2185E+01
TTb_17N1_380_8   2.2261E+01 -3.7495E+00  2.1491E+01  3.8075E+02
        16     64010     27763  4.3200E-02  2.2466E+01
        16     64941     27763 -8.0000E-02  2.1838E+01
        16     64787     27763 -1.1520E-01  2.2409E+01
        16     64438     27763 -1.1520E-01  2.1978E+01
        16     64468     27763  2.1600E-01  2.2160E+01
        16     64884     27763  7.2000E-02  2.2123E+01
        16     64408     27763  3.8880E-01  2.2446E+01
        16     64236     27763  3.8880E-01  2.2208E+01
        16     64649     27763  7.2000E-02  2.1914E+01
        16     64607     27763  1.2960E-01  2.2185E+01
TTb_17N2_380_8   2.2304E+01 -3.3515E+00  2.1608E+01  3.8073E+02
        17     64010     27763  4.3200E-02  2.2466E+01
        17     64941     27763 -8.0000E-02  2.1838E+01
        17     64787     27763 -1.2320E-01  2.2409E+01
        17     64438     27763 -6.7200E-02  2.1978E+01
        17     64468     27763  2.1600E-01  2.2160E+01
        17     64884     27763  1.1200E-01  2.2123E+01
        17     64408     27763  6.0480E-01  2.2446E+01
        17     64236     27763  1.7280E-01  2.2208E+01
        17     64649     27763  3.2000E-02  2.1914E+01
        17     64607     27763  8.9600E-02  2.2185E+01
TTb_17N3_380_8   2.2352E+01 -3.2013E+00  2.1778E+01  3.8082E+02
        18     64010     27763  4.3200E-02  2.2466E+01
        18     64941     27763 -8.0000E-02  2.1838E+01
        18     64787     27763 -1.2320E-01  2.2409E+01
        18     64438     27763 -6.7200E-02  2.1978E+01
        18     64468     27763  2.1600E-01  2.2160E+01
        18     64884     27763  1.1200E-01  2.2123E+01
        18     64408     27763  6.0480E-01  2.2446E+01
        18     64236     27763  1.7280E-01  2.2208E+01
        18     64649     27763  3.2000E-02  2.1914E+01
        18     64607     27763  8.9600E-02  2.2185E+01
TTb_17N4_380_8   2.2352E+01 -3.2013E+00  2.1778E+01  3.8082E+02
        19     68102     31103 -1.0880E-01  2.1810E+01
        19     68449     31103 -8.0000E-02  2.2184E+01
        19     68340     31103 -1.1520E-01  2.1657E+01
        19     68368     31103 -9.1200E-02  2.1676E+01
        19     68276     31103  1.3600E-01  2.1943E+01
        19     68396     31103  7.2000E-02  2.1982E+01
        19     68222     31103  2.4480E-01  2.1755E+01
        19     68236     31103  5.1680E-01  2.1745E+01
        19     68414     31103  1.5200E-01  2.2024E+01
        19     68355     31103  2.7360E-01  2.1778E+01
   TTb_17S_398   2.1817E+01  7.1154E-02  2.4462E+01  3.9801E+02
        20     69260     29131 -1.0080E-01  2.5286E+01
        20     68803     29131 -8.0000E-02  2.2718E+01
        20     68854     29131 -1.2320E-01  2.2633E+01
        20     68669     29131 -1.9200E-02  2.2624E+01
        20     68986     29131  5.6000E-02  2.3876E+01
        20     68830     29131  1.1200E-01  2.2930E+01
        20     69033     29131  1.5680E-01  2.4116E+01
        20     68942     29131  2.6880E-01  2.3665E+01
        20     68730     29131  1.9200E-01  2.2679E+01
        20     68750     29131  5.3760E-01  2.2758E+01
   TTb_17U_401   2.3048E+01 -1.8059E-02  2.4111E+01  4.0100E+02
        21     68449     19578 -3.6800E-02  2.2184E+01
        21     68704     19578 -8.0000E-02  2.2606E+01
        21     68901     19578  9.2800E-02  2.3493E+01
        21     68669     19578 -1.2320E-01  2.2624E+01
        21     68574     19578  1.6000E-02  2.2392E+01
        21     68788     19578  2.3200E-01  2.3038E+01
        21     68670     19578  9.2800E-02  2.2656E+01
        21     68554     19578  4.4800E-02  2.2393E+01
        21     68687     19578  1.1200E-01  2.2684E+01
        21     68774     19578  6.4960E-01  2.3062E+01
   TTb_17S_401   2.3099E+01  1.6846E-01  2.5820E+01  4.0094E+02
        22     68913     22650 -5.2800E-02  2.1982E+01
        22     68571     22650 -8.0000E-02  2.1990E+01
        22     68645     22650 -1.1520E-01  2.2007E+01
        22     68901     22650 -1.2320E-01  2.3493E+01
        22     68727     22650  1.7600E-01  2.2012E+01
        22     68605     22650  7.2000E-02  2.1993E+01
        22     68771     22650  3.1680E-01  2.2017E+01
        22     68907     22650  4.9280E-01  2.3129E+01
        22     68721     22650  1.1200E-01  2.2646E+01
        22     68766     22650  2.0160E-01  2.2743E+01
   TTb_17N_401   2.2602E+01 -2.2078E-02  2.7664E+01  4.0109E+02
        -1
