   42   LIN   
  KONTURA, ULAZNI,      IZLAZNI,    UKUPNI PROTOK
     1  4.93477E+24 -1.79135E+25 -1.29788E+25
     2  8.51799E+26  0.00000E+00  8.51799E+26
     3  4.81299E+26  0.00000E+00  4.81299E+26
     4  8.14225E+25  0.00000E+00  8.14225E+25
     5  1.56461E+28  0.00000E+00  1.56461E+28
     6  8.33052E+26  0.00000E+00  8.33052E+26
     7  5.08497E+26  0.00000E+00  5.08497E+26
     8  7.70408E+25  0.00000E+00  7.70408E+25
     9  1.61705E+28  0.00000E+00  1.61705E+28
    10  3.89892E+26  0.00000E+00  3.89892E+26
    11  5.02772E+26  0.00000E+00  5.02772E+26
    12  9.67868E+25  0.00000E+00  9.67868E+25
    13  1.57325E+26 -1.16179E+25  1.45707E+26
    14  4.07323E+26  0.00000E+00  4.07323E+26
    15  5.35329E+26  0.00000E+00  5.35329E+26
    16  7.17072E+25  0.00000E+00  7.17072E+25
    17  1.84598E+26 -7.79064E+24  1.76807E+26
    18  4.24629E+26  0.00000E+00  4.24629E+26
    19  5.06523E+26  0.00000E+00  5.06523E+26
    20  8.21362E+25  0.00000E+00  8.21362E+25
    21  1.92806E+26 -1.50199E+25  1.77787E+26
    22  3.47801E+26  0.00000E+00  3.47801E+26
    23  1.79432E+27  0.00000E+00  1.79432E+27
    24  3.57158E+26  0.00000E+00  3.57158E+26
    25  2.86935E+26 -2.09830E+25  2.65952E+26
    26  1.98168E+28  0.00000E+00  1.98168E+28
    27  2.84043E+28  0.00000E+00  2.84043E+28
    28  2.68906E+28  0.00000E+00  2.68906E+28
    29  8.98401E+28 -1.04191E+16  8.98401E+28
    30  8.46182E+28 -1.04502E+16  8.46182E+28
    31  9.99290E+28 -1.40450E+25  9.99150E+28
    32  1.37975E+28 -1.01504E+26  1.36960E+28
    33  1.40488E+28 -7.10213E+25  1.39778E+28
    34  1.33590E+28 -4.86794E+25  1.33104E+28
    35  2.32628E+28  0.00000E+00  2.32628E+28
    36  2.02922E+28  0.00000E+00  2.02922E+28
    37  1.99139E+28  0.00000E+00  1.99139E+28
    38  1.01350E+29  0.00000E+00  1.01350E+29
    39  4.01279E+28 -1.90746E+24  4.01260E+28
    40  1.95487E+28 -1.00926E+25  1.95386E+28
    41  1.71329E+28  0.00000E+00  1.71329E+28
    42  9.29878E+28 -2.51293E+15  9.29878E+28
  SUMARNI  ULAZNI,      IZLAZNI,    UKUPNI PROTOK
        7.66313E+29 -3.20574E+26  7.65992E+29


  F L U X   W I T H I N  C O N T O U R, TIME =  1.00000D+00
 KONTURA     ULAZNI       IZLAZNI      UKUPNI PROTOK-1
     1  0.00000E+00  0.00000E+00  0.00000E+00
     2  0.00000E+00  0.00000E+00  0.00000E+00
     3  0.00000E+00  0.00000E+00  0.00000E+00
     4  0.00000E+00  0.00000E+00  0.00000E+00
     5  0.00000E+00  0.00000E+00  0.00000E+00
     6  0.00000E+00  0.00000E+00  0.00000E+00
     7  0.00000E+00  0.00000E+00  0.00000E+00
     8  0.00000E+00  0.00000E+00  0.00000E+00
     9  0.00000E+00  0.00000E+00  0.00000E+00
    10  0.00000E+00  0.00000E+00  0.00000E+00
    11  0.00000E+00  0.00000E+00  0.00000E+00
    12  0.00000E+00  0.00000E+00  0.00000E+00
    13  0.00000E+00  0.00000E+00  0.00000E+00
    14  0.00000E+00  0.00000E+00  0.00000E+00
    15  0.00000E+00  0.00000E+00  0.00000E+00
    16  0.00000E+00  0.00000E+00  0.00000E+00
    17  0.00000E+00  0.00000E+00  0.00000E+00
    18  0.00000E+00  0.00000E+00  0.00000E+00
    19  0.00000E+00  0.00000E+00  0.00000E+00
    20  0.00000E+00  0.00000E+00  0.00000E+00
    21  0.00000E+00  0.00000E+00  0.00000E+00
    22  0.00000E+00  0.00000E+00  0.00000E+00
    23  0.00000E+00  0.00000E+00  0.00000E+00
    24  0.00000E+00  0.00000E+00  0.00000E+00
    25  0.00000E+00  0.00000E+00  0.00000E+00
    26  0.00000E+00  0.00000E+00  0.00000E+00
    27  0.00000E+00  0.00000E+00  0.00000E+00
    28  0.00000E+00  0.00000E+00  0.00000E+00
    29  0.00000E+00  0.00000E+00  0.00000E+00
    30  0.00000E+00  0.00000E+00  0.00000E+00
    31  0.00000E+00  0.00000E+00  0.00000E+00
    32  0.00000E+00  0.00000E+00  0.00000E+00
    33  0.00000E+00  0.00000E+00  0.00000E+00
    34  0.00000E+00  0.00000E+00  0.00000E+00
    35  0.00000E+00  0.00000E+00  0.00000E+00
    36  0.00000E+00  0.00000E+00  0.00000E+00
    37  0.00000E+00  0.00000E+00  0.00000E+00
    38  0.00000E+00  0.00000E+00  0.00000E+00
    39  0.00000E+00  0.00000E+00  0.00000E+00
    40  0.00000E+00  0.00000E+00  0.00000E+00
    41  0.00000E+00  0.00000E+00  0.00000E+00
    42  0.00000E+00  0.00000E+00  0.00000E+00
UKUPNO  0.00000E+00  0.00000E+00  0.00000E+00
