        -1
        -1
  7.0000D+00
         1     21246     25076 -3.6800E-02  1.6327E+01
         1     23488     25076 -1.2000E-01  1.4782E+01
         1     21089     25076  9.2800E-02  1.7455E+01
         1     23703     25076 -6.7200E-02  1.6854E+01
         1     22381     25076  4.8000E-02  1.5679E+01
         1     22286     25076  6.9600E-01  1.6287E+01
         1     21165     25076  9.2800E-02  1.6851E+01
         1     22502     25076  1.2800E-02  1.6445E+01
         1     23578     25076  9.6000E-02  1.5684E+01
         1     22436     25076  1.8560E-01  1.7205E+01
   TTb_17U_294   1.6674E+01 -7.0308E-02  1.9861E+00  2.9403E+02
         2     21559     16882 -3.6800E-02  2.5184E+01
         2     21506     16882 -1.2000E-01  2.4658E+01
         2     23258     16882 -9.1200E-02  2.3883E+01
         2     23129     16882 -9.1200E-02  2.5875E+01
         2     21537     16882  3.2000E-02  2.4926E+01
         2     22357     16882  3.0400E-01  2.4320E+01
         2     22390     16882  6.0800E-02  2.4595E+01
         2     22319     16882  6.0800E-02  2.5532E+01
         2     22303     16882  3.0400E-01  2.5247E+01
         2     23190     16882  5.7760E-01  2.4878E+01
   TTb_17S_294   2.4860E+01 -6.3721E-02  1.0511E+01  2.9484E+02
         3     22902     13774 -1.0080E-01  3.5859E+01
         3     22628     13774 -1.2000E-01  3.4188E+01
         3     24142     13774 -1.1520E-01  3.5745E+01
         3     23777     13774 -1.9200E-02  3.6181E+01
         3     22746     13774  1.1200E-01  3.5097E+01
         3     23367     13774  1.4400E-01  3.4958E+01
         3     23496     13774  1.0080E-01  3.6025E+01
         3     23382     13774  2.6880E-01  3.6131E+01
         3     23245     13774  3.8400E-01  3.5140E+01
         3     23929     13774  3.4560E-01  3.5981E+01
   TTb_17N_294   3.5707E+01 -3.6264E-02  1.9284E+01  2.9563E+02
         4     46809     10733 -5.2800E-02  1.5531E+01
         4     46853     10733 -1.2000E-01  1.5662E+01
         4     47497     10733 -1.1520E-01  1.5830E+01
         4     46997     10733 -6.7200E-02  1.9304E+01
         4     46832     10733  5.2800E-01  1.5612E+01
         4     47176     10733  2.1600E-01  1.5751E+01
         4     47151     10733  3.1680E-01  1.5701E+01
         4     46898     10733  1.4080E-01  1.7404E+01
         4     46918     10733  9.6000E-02  1.7479E+01
         4     47249     10733  5.7600E-02  1.7565E+01
   TTb_17U_330   1.5939E+01 -8.0806E-02  2.7212E+00  3.2995E+02
         5     47420      8329 -3.6800E-02  2.9101E+01
         5     47294      8329 -8.0000E-02  2.5986E+01
         5     46659      8329 -1.9200E-02  2.7891E+01
         5     47034      8329 -6.7200E-02  2.5727E+01
         5     47358      8329  6.4000E-02  2.7547E+01
         5     46993      8329  7.6800E-01  2.6943E+01
         5     47038      8329  7.6800E-02  2.8503E+01
         5     47229      8329  1.2800E-02  2.7406E+01
         5     47162      8329  1.2800E-01  2.5872E+01
         5     46845      8329  1.5360E-01  2.6809E+01
   TTb_17S_330   2.7010E+01  1.3245E-02  8.6231E+00  3.2999E+02
         6     47178     33626  4.3200E-02  4.0691E+01
         6     46677     33626 -1.2000E-01  3.7234E+01
         6     46485     33626 -6.7200E-02  4.0582E+01
         6     47238     33626 -6.7200E-02  3.7188E+01
         6     46933     33626  6.4800E-01  3.8960E+01
         6     46576     33626  9.6000E-02  3.8915E+01
         6     46842     33626  1.7280E-01  4.0645E+01
         6     47209     33626  1.7280E-01  3.8926E+01
         6     46958     33626  9.6000E-02  3.7221E+01
         6     46867     33626  2.5600E-02  3.8885E+01
   TTb_17N_330   3.9364E+01  7.4289E-02  1.4670E+01  3.3000E+02
         7     52627     10096 -1.0880E-01  1.7623E+01
         7     52477     10096 -8.0000E-02  2.2520E+01
         7     52894     10096 -1.1520E-01  2.1132E+01
         7     52187     10096 -9.1200E-02  2.2988E+01
         7     52541     10096  1.3600E-01  2.0016E+01
         7     52674     10096  7.2000E-02  2.1826E+01
         7     52755     10096  2.4480E-01  1.9366E+01
         7     52396     10096  5.1680E-01  2.0239E+01
         7     52322     10096  1.5200E-01  2.2759E+01
         7     52517     10096  2.7360E-01  2.2067E+01
   TTb_17U_348   2.0741E+01 -9.4330E-02  7.1666E+00  3.4810E+02
         8     52673      9876 -1.2480E-01  2.5226E+01
         8     52305      9876  1.2000E-01  2.7970E+01
         8     52678      9876 -6.7200E-02  2.6746E+01
         8     51920      9876 -6.7200E-02  2.5329E+01
         8     52490      9876  5.7600E-01  2.6621E+01
         8     52491      9876  1.9200E-01  2.7358E+01
         8     52676      9876  7.6800E-02  2.5993E+01
         8     52236      9876  7.6800E-02  2.5287E+01
         8     52108      9876  1.9200E-01  2.6634E+01
         8     52238      9876  2.5600E-02  2.6006E+01
   TTb_17S_348   2.7013E+01  1.3412E-01  1.0333E+01  3.4792E+02
         9     52848     21090 -3.6800E-02  3.0246E+01
         9     52377     21090  1.2000E-01  3.4380E+01
         9     52853     21090 -6.7200E-02  3.4658E+01
         9     52366     21090 -1.2320E-01  3.1199E+01
         9     52597     21090  9.6000E-02  3.2295E+01
         9     52598     21090  1.9200E-01  3.4526E+01
         9     52851     21090  1.2800E-02  3.2453E+01
         9     52592     21090  4.4800E-02  3.0732E+01
         9     52370     21090  6.7200E-01  3.2786E+01
         9     52593     21090  8.9600E-02  3.2931E+01
   TTb_17N_348   3.3345E+01  4.6526E-02  1.3533E+01  3.4800E+02
        10     54898     17738 -3.6800E-02  3.9347E+01
        10     53834     17738 -1.2000E-01  3.9665E+01
        10     54876     17738 -1.2320E-01  3.9355E+01
        10     54357     17738 -1.9200E-02  3.7025E+01
        10     54394     17738  3.2000E-02  3.9474E+01
        10     54383     17738  2.2400E-01  3.9510E+01
        10     54886     17738  4.4800E-02  3.9391E+01
        10     54633     17738  7.6800E-02  3.8175E+01
        10     54150     17738  3.8400E-01  3.8339E+01
        10     54631     17738  5.3760E-01  3.8160E+01
 TTb_17N_350.8   3.8280E+01  1.7599E-01  1.6469E+01  3.5076E+02
        11     61534     21248 -5.2800E-02  2.4875E+01
        11     60918     21248 -1.2000E-01  2.8850E+01
        11     61117     21248 -6.7200E-02  2.3728E+01
        11     61232     21248 -1.2320E-01  2.8055E+01
        11     61238     21248  3.5200E-01  2.6861E+01
        11     61022     21248  6.4000E-02  2.6271E+01
        11     61321     21248  1.4080E-01  2.4308E+01
        11     61382     21248  4.9280E-01  2.6460E+01
        11     61081     21248  2.2400E-01  2.8461E+01
        11     61174     21248  8.9600E-02  2.5878E+01
   TTb_17S_370   2.6466E+01 -1.2257E-02  1.4816E+01  3.6986E+02
        12     63161     33328  3.5520E-01  2.1879E+01
        12     63693     33328 -8.0000E-02  2.1104E+01
        12     63039     33328 -6.7200E-02  2.2485E+01
        12     63340     33328 -6.7200E-02  2.4085E+01
        12     63391     33328  2.9600E-01  2.1494E+01
        12     63318     33328  3.2000E-02  2.1799E+01
        12     63094     33328  2.3680E-01  2.2191E+01
        12     63249     33328  2.3680E-01  2.2986E+01
        12     63499     33328  3.2000E-02  2.2579E+01
        12     63186     33328  2.5600E-02  2.3289E+01
   TTb_17U_378   2.2030E+01 -1.0650E-01  1.4954E+01  3.7812E+02
        13     63363     15589 -5.2800E-02  2.7357E+01
        13     62733     15589 -1.2000E-01  2.6623E+01
        13     63340     15589 -1.1520E-01  2.4085E+01
        13     63132     15589 -1.1520E-01  2.4863E+01
        13     63025     15589  3.5200E-01  2.7000E+01
        13     63014     15589  1.4400E-01  2.5364E+01
        13     63352     15589  3.1680E-01  2.5686E+01
        13     63246     15589  3.1680E-01  2.6099E+01
        13     62931     15589  1.4400E-01  2.5754E+01
        13     63240     15589  1.2960E-01  2.4482E+01
   TTb_17S_378   2.6166E+01  3.9425E-02  1.7196E+01  3.7802E+02
        14     63260     14750 -1.2480E-01  2.9173E+01
        14     62866     14750 -8.0000E-02  2.9075E+01
        14     63190     14750  9.2800E-02  3.1230E+01
        14     63363     14750 -6.7200E-02  2.7357E+01
        14     63051     14750  9.6000E-02  2.9119E+01
        14     63015     14750  2.3200E-01  3.0141E+01
        14     63229     14750  5.5680E-01  3.0230E+01
        14     63309     14750  7.6800E-02  2.8268E+01
        14     63092     14750  3.2000E-02  2.8234E+01
        14     63272     14750  1.8560E-01  2.9327E+01
   TTb_17N_378   3.0230E+01  3.6818E-02  1.9294E+01  3.7803E+02
        15     64404     23358 -3.6800E-02  3.3913E+01
        15     64010     23358 -8.0000E-02  3.3988E+01
        15     64787     23358 -1.1520E-01  3.3573E+01
        15     64438     23358 -9.1200E-02  3.1566E+01
        15     64224     23358  6.4000E-02  3.3951E+01
        15     64408     23358  2.8800E-01  3.3837E+01
        15     64584     23358  2.8800E-02  3.3754E+01
        15     64422     23358  6.0800E-02  3.2675E+01
        15     64236     23358  6.0800E-01  3.2742E+01
        15     64607     23358  2.7360E-01  3.2490E+01
TTb_17N1_380_8   3.2960E+01 -3.7495E+00  2.1491E+01  3.8075E+02
        16     64010     27763  4.3200E-02  3.3988E+01
        16     64941     27763 -8.0000E-02  3.0611E+01
        16     64787     27763 -1.1520E-01  3.3573E+01
        16     64438     27763 -1.1520E-01  3.1566E+01
        16     64468     27763  2.1600E-01  3.2418E+01
        16     64884     27763  7.2000E-02  3.2085E+01
        16     64408     27763  3.8880E-01  3.3837E+01
        16     64236     27763  3.8880E-01  3.2742E+01
        16     64649     27763  7.2000E-02  3.1119E+01
        16     64607     27763  1.2960E-01  3.2490E+01
TTb_17N2_380_8   3.3165E+01 -3.3515E+00  2.1608E+01  3.8073E+02
        17     64010     27763  4.3200E-02  3.3988E+01
        17     64941     27763 -8.0000E-02  3.0611E+01
        17     64787     27763 -1.2320E-01  3.3573E+01
        17     64438     27763 -6.7200E-02  3.1566E+01
        17     64468     27763  2.1600E-01  3.2418E+01
        17     64884     27763  1.1200E-01  3.2085E+01
        17     64408     27763  6.0480E-01  3.3837E+01
        17     64236     27763  1.7280E-01  3.2742E+01
        17     64649     27763  3.2000E-02  3.1119E+01
        17     64607     27763  8.9600E-02  3.2490E+01
TTb_17N3_380_8   3.3387E+01 -3.2013E+00  2.1778E+01  3.8082E+02
        18     64010     27763  4.3200E-02  3.3988E+01
        18     64941     27763 -8.0000E-02  3.0611E+01
        18     64787     27763 -1.2320E-01  3.3573E+01
        18     64438     27763 -6.7200E-02  3.1566E+01
        18     64468     27763  2.1600E-01  3.2418E+01
        18     64884     27763  1.1200E-01  3.2085E+01
        18     64408     27763  6.0480E-01  3.3837E+01
        18     64236     27763  1.7280E-01  3.2742E+01
        18     64649     27763  3.2000E-02  3.1119E+01
        18     64607     27763  8.9600E-02  3.2490E+01
TTb_17N4_380_8   3.3387E+01 -3.2013E+00  2.1778E+01  3.8082E+02
        19     68102     31103 -1.0880E-01  2.9327E+01
        19     68449     31103 -8.0000E-02  3.1949E+01
        19     68340     31103 -1.1520E-01  2.8256E+01
        19     68368     31103 -9.1200E-02  2.8392E+01
        19     68276     31103  1.3600E-01  3.0261E+01
        19     68396     31103  7.2000E-02  3.0534E+01
        19     68222     31103  2.4480E-01  2.8945E+01
        19     68236     31103  5.1680E-01  2.8876E+01
        19     68414     31103  1.5200E-01  3.0827E+01
        19     68355     31103  2.7360E-01  2.9103E+01
   TTb_17S_398   2.9380E+01  7.1154E-02  2.4462E+01  3.9801E+02
        20     69260     29131 -1.0080E-01  5.3661E+01
        20     68803     29131 -8.0000E-02  3.5687E+01
        20     68854     29131 -1.2320E-01  3.5089E+01
        20     68669     29131 -1.9200E-02  3.5024E+01
        20     68986     29131  5.6000E-02  4.3792E+01
        20     68830     29131  1.1200E-01  3.7168E+01
        20     69033     29131  1.5680E-01  4.5471E+01
        20     68942     29131  2.6880E-01  4.2314E+01
        20     68730     29131  1.9200E-01  3.5408E+01
        20     68750     29131  5.3760E-01  3.5966E+01
   TTb_17U_401   3.7993E+01 -1.8059E-02  2.4111E+01  4.0100E+02
        21     68449     19578 -3.6800E-02  3.1949E+01
        21     68704     19578 -8.0000E-02  3.4902E+01
        21     68901     19578  9.2800E-02  4.1109E+01
        21     68669     19578 -1.2320E-01  3.5024E+01
        21     68574     19578  1.6000E-02  3.3399E+01
        21     68788     19578  2.3200E-01  3.7925E+01
        21     68670     19578  9.2800E-02  3.5249E+01
        21     68554     19578  4.4800E-02  3.3410E+01
        21     68687     19578  1.1200E-01  3.5446E+01
        21     68774     19578  6.4960E-01  3.8094E+01
   TTb_17S_401   3.8349E+01  1.6846E-01  2.5820E+01  4.0094E+02
        22     68913     22650 -5.2800E-02  3.0535E+01
        22     68571     22650 -8.0000E-02  3.0590E+01
        22     68645     22650 -1.1520E-01  3.0709E+01
        22     68901     22650 -1.2320E-01  4.1109E+01
        22     68727     22650  1.7600E-01  3.0744E+01
        22     68605     22650  7.2000E-02  3.0609E+01
        22     68771     22650  3.1680E-01  3.0773E+01
        22     68907     22650  4.9280E-01  3.8563E+01
        22     68721     22650  1.1200E-01  3.5178E+01
        22     68766     22650  2.0160E-01  3.5858E+01
   TTb_17N_401   3.4875E+01 -2.2078E-02  2.7664E+01  4.0109E+02
        -1
        -1
        -1
  1.4000D+01
         1     21246     25076 -3.6800E-02  1.6319E+01
         1     23488     25076 -1.2000E-01  1.4651E+01
         1     21089     25076  9.2800E-02  1.7449E+01
         1     23703     25076 -6.7200E-02  1.6824E+01
         1     22381     25076  4.8000E-02  1.5651E+01
         1     22286     25076  6.9600E-01  1.6267E+01
         1     21165     25076  9.2800E-02  1.6845E+01
         1     22502     25076  1.2800E-02  1.6428E+01
         1     23578     25076  9.6000E-02  1.5618E+01
         1     22436     25076  1.8560E-01  1.7196E+01
   TTb_17U_294   1.6667E+01 -7.0308E-02  1.9861E+00  2.9403E+02
         2     21559     16882 -3.6800E-02  2.5184E+01
         2     21506     16882 -1.2000E-01  2.4658E+01
         2     23258     16882 -9.1200E-02  2.3883E+01
         2     23129     16882 -9.1200E-02  2.5874E+01
         2     21537     16882  3.2000E-02  2.4926E+01
         2     22357     16882  3.0400E-01  2.4320E+01
         2     22390     16882  6.0800E-02  2.4595E+01
         2     22319     16882  6.0800E-02  2.5532E+01
         2     22303     16882  3.0400E-01  2.5247E+01
         2     23190     16882  5.7760E-01  2.4878E+01
   TTb_17S_294   2.4860E+01 -6.3721E-02  1.0511E+01  2.9484E+02
         3     22902     13774 -1.0080E-01  3.5857E+01
         3     22628     13774 -1.2000E-01  3.4187E+01
         3     24142     13774 -1.1520E-01  3.5741E+01
         3     23777     13774 -1.9200E-02  3.6177E+01
         3     22746     13774  1.1200E-01  3.5095E+01
         3     23367     13774  1.4400E-01  3.4955E+01
         3     23496     13774  1.0080E-01  3.6021E+01
         3     23382     13774  2.6880E-01  3.6128E+01
         3     23245     13774  3.8400E-01  3.5138E+01
         3     23929     13774  3.4560E-01  3.5976E+01
   TTb_17N_294   3.5704E+01 -3.6264E-02  1.9284E+01  2.9563E+02
         4     46809     10733 -5.2800E-02  1.5567E+01
         4     46853     10733 -1.2000E-01  1.5698E+01
         4     47497     10733 -1.1520E-01  1.5912E+01
         4     46997     10733 -6.7200E-02  1.9314E+01
         4     46832     10733  5.2800E-01  1.5646E+01
         4     47176     10733  2.1600E-01  1.5810E+01
         4     47151     10733  3.1680E-01  1.5760E+01
         4     46898     10733  1.4080E-01  1.7422E+01
         4     46918     10733  9.6000E-02  1.7498E+01
         4     47249     10733  5.7600E-02  1.7593E+01
   TTb_17U_330   1.5978E+01 -8.0806E-02  2.7212E+00  3.2995E+02
         5     47420      8329 -3.6800E-02  2.9102E+01
         5     47294      8329 -8.0000E-02  2.5987E+01
         5     46659      8329 -1.9200E-02  2.7891E+01
         5     47034      8329 -6.7200E-02  2.5728E+01
         5     47358      8329  6.4000E-02  2.7548E+01
         5     46993      8329  7.6800E-01  2.6943E+01
         5     47038      8329  7.6800E-02  2.8503E+01
         5     47229      8329  1.2800E-02  2.7407E+01
         5     47162      8329  1.2800E-01  2.5873E+01
         5     46845      8329  1.5360E-01  2.6809E+01
   TTb_17S_330   2.7011E+01  1.3245E-02  8.6231E+00  3.2999E+02
         6     47178     33626  4.3200E-02  4.0720E+01
         6     46677     33626 -1.2000E-01  3.7239E+01
         6     46485     33626 -6.7200E-02  4.0597E+01
         6     47238     33626 -6.7200E-02  3.7195E+01
         6     46933     33626  6.4800E-01  3.8972E+01
         6     46576     33626  9.6000E-02  3.8924E+01
         6     46842     33626  1.7280E-01  4.0666E+01
         6     47209     33626  1.7280E-01  3.8941E+01
         6     46958     33626  9.6000E-02  3.7227E+01
         6     46867     33626  2.5600E-02  3.8896E+01
   TTb_17N_330   3.9379E+01  7.4289E-02  1.4670E+01  3.3000E+02
         7     52627     10096 -1.0880E-01  1.8135E+01
         7     52477     10096 -8.0000E-02  2.2581E+01
         7     52894     10096 -1.1520E-01  2.1242E+01
         7     52187     10096 -9.1200E-02  2.3037E+01
         7     52541     10096  1.3600E-01  2.0189E+01
         7     52674     10096  7.2000E-02  2.1903E+01
         7     52755     10096  2.4480E-01  1.9605E+01
         7     52396     10096  5.1680E-01  2.0392E+01
         7     52322     10096  1.5200E-01  2.2813E+01
         7     52517     10096  2.7360E-01  2.2137E+01
   TTb_17U_348   2.0857E+01 -9.4330E-02  7.1666E+00  3.4810E+02
         8     52673      9876 -1.2480E-01  2.5246E+01
         8     52305      9876  1.2000E-01  2.7978E+01
         8     52678      9876 -6.7200E-02  2.6758E+01
         8     51920      9876 -6.7200E-02  2.5346E+01
         8     52490      9876  5.7600E-01  2.6633E+01
         8     52491      9876  1.9200E-01  2.7368E+01
         8     52676      9876  7.6800E-02  2.6009E+01
         8     52236      9876  7.6800E-02  2.5305E+01
         8     52108      9876  1.9200E-01  2.6645E+01
         8     52238      9876  2.5600E-02  2.6020E+01
   TTb_17S_348   2.7023E+01  1.3412E-01  1.0333E+01  3.4792E+02
         9     52848     21090 -3.6800E-02  3.0254E+01
         9     52377     21090  1.2000E-01  3.4412E+01
         9     52853     21090 -6.7200E-02  3.4699E+01
         9     52366     21090 -1.2320E-01  3.1209E+01
         9     52597     21090  9.6000E-02  3.2310E+01
         9     52598     21090  1.9200E-01  3.4563E+01
         9     52851     21090  1.2800E-02  3.2469E+01
         9     52592     21090  4.4800E-02  3.0741E+01
         9     52370     21090  6.7200E-01  3.2804E+01
         9     52593     21090  8.9600E-02  3.2950E+01
   TTb_17N_348   3.3366E+01  4.6526E-02  1.3533E+01  3.4800E+02
        10     54898     17738 -3.6800E-02  3.9753E+01
        10     53834     17738 -1.2000E-01  4.0046E+01
        10     54876     17738 -1.2320E-01  3.9760E+01
        10     54357     17738 -1.9200E-02  3.7168E+01
        10     54394     17738  3.2000E-02  3.9872E+01
        10     54383     17738  2.2400E-01  3.9903E+01
        10     54886     17738  4.4800E-02  3.9796E+01
        10     54633     17738  7.6800E-02  3.8415E+01
        10     54150     17738  3.8400E-01  3.8572E+01
        10     54631     17738  5.3760E-01  3.8399E+01
 TTb_17N_350.8   3.8522E+01  1.7599E-01  1.6469E+01  3.5076E+02
        11     61534     21248 -5.2800E-02  2.5044E+01
        11     60918     21248 -1.2000E-01  2.8907E+01
        11     61117     21248 -6.7200E-02  2.3964E+01
        11     61232     21248 -1.2320E-01  2.8119E+01
        11     61238     21248  3.5200E-01  2.6936E+01
        11     61022     21248  6.4000E-02  2.6354E+01
        11     61321     21248  1.4080E-01  2.4498E+01
        11     61382     21248  4.9280E-01  2.6551E+01
        11     61081     21248  2.2400E-01  2.8519E+01
        11     61174     21248  8.9600E-02  2.5980E+01
   TTb_17S_370   2.6552E+01 -1.2257E-02  1.4816E+01  3.6986E+02
        12     63161     33328  3.5520E-01  2.2861E+01
        12     63693     33328 -8.0000E-02  2.2573E+01
        12     63039     33328 -6.7200E-02  2.3192E+01
        12     63340     33328 -6.7200E-02  2.4463E+01
        12     63391     33328  2.9600E-01  2.2676E+01
        12     63318     33328  3.2000E-02  2.2806E+01
        12     63094     33328  2.3680E-01  2.3012E+01
        12     63249     33328  2.3680E-01  2.3590E+01
        12     63499     33328  3.2000E-02  2.3309E+01
        12     63186     33328  2.5600E-02  2.3805E+01
   TTb_17U_378   2.2944E+01 -1.0650E-01  1.4954E+01  3.7812E+02
        13     63363     15589 -5.2800E-02  2.7494E+01
        13     62733     15589 -1.2000E-01  2.6779E+01
        13     63340     15589 -1.1520E-01  2.4463E+01
        13     63132     15589 -1.1520E-01  2.5134E+01
        13     63025     15589  3.5200E-01  2.7137E+01
        13     63014     15589  1.4400E-01  2.5582E+01
        13     63352     15589  3.1680E-01  2.5891E+01
        13     63246     15589  3.1680E-01  2.6276E+01
        13     62931     15589  1.4400E-01  2.5943E+01
        13     63240     15589  1.2960E-01  2.4797E+01
   TTb_17S_378   2.6333E+01  3.9425E-02  1.7196E+01  3.7802E+02
        14     63260     14750 -1.2480E-01  2.9314E+01
        14     62866     14750 -8.0000E-02  2.9200E+01
        14     63190     14750  9.2800E-02  3.1485E+01
        14     63363     14750 -6.7200E-02  2.7494E+01
        14     63051     14750  9.6000E-02  2.9250E+01
        14     63015     14750  2.3200E-01  3.0306E+01
        14     63229     14750  5.5680E-01  3.0406E+01
        14     63309     14750  7.6800E-02  2.8397E+01
        14     63092     14750  3.2000E-02  2.8357E+01
        14     63272     14750  1.8560E-01  2.9473E+01
   TTb_17N_378   3.0408E+01  3.6818E-02  1.9294E+01  3.7803E+02
        15     64404     23358 -3.6800E-02  3.4791E+01
        15     64010     23358 -8.0000E-02  3.4848E+01
        15     64787     23358 -1.1520E-01  3.4467E+01
        15     64438     23358 -9.1200E-02  3.1850E+01
        15     64224     23358  6.4000E-02  3.4829E+01
        15     64408     23358  2.8800E-01  3.4719E+01
        15     64584     23358  2.8800E-02  3.4646E+01
        15     64422     23358  6.0800E-02  3.3147E+01
        15     64236     23358  6.0800E-01  3.3217E+01
        15     64607     23358  2.7360E-01  3.2970E+01
TTb_17N1_380_8   3.3515E+01 -3.7495E+00  2.1491E+01  3.8075E+02
        16     64010     27763  4.3200E-02  3.4848E+01
        16     64941     27763 -8.0000E-02  3.0853E+01
        16     64787     27763 -1.1520E-01  3.4467E+01
        16     64438     27763 -1.1520E-01  3.1850E+01
        16     64468     27763  2.1600E-01  3.2857E+01
        16     64884     27763  7.2000E-02  3.2525E+01
        16     64408     27763  3.8880E-01  3.4719E+01
        16     64236     27763  3.8880E-01  3.3217E+01
        16     64649     27763  7.2000E-02  3.1377E+01
        16     64607     27763  1.2960E-01  3.2970E+01
TTb_17N2_380_8   3.3782E+01 -3.3515E+00  2.1608E+01  3.8073E+02
        17     64010     27763  4.3200E-02  3.4848E+01
        17     64941     27763 -8.0000E-02  3.0853E+01
        17     64787     27763 -1.2320E-01  3.4467E+01
        17     64438     27763 -6.7200E-02  3.1850E+01
        17     64468     27763  2.1600E-01  3.2857E+01
        17     64884     27763  1.1200E-01  3.2525E+01
        17     64408     27763  6.0480E-01  3.4719E+01
        17     64236     27763  1.7280E-01  3.3217E+01
        17     64649     27763  3.2000E-02  3.1377E+01
        17     64607     27763  8.9600E-02  3.2970E+01
TTb_17N3_380_8   3.4087E+01 -3.2013E+00  2.1778E+01  3.8082E+02
        18     64010     27763  4.3200E-02  3.4848E+01
        18     64941     27763 -8.0000E-02  3.0853E+01
        18     64787     27763 -1.2320E-01  3.4467E+01
        18     64438     27763 -6.7200E-02  3.1850E+01
        18     64468     27763  2.1600E-01  3.2857E+01
        18     64884     27763  1.1200E-01  3.2525E+01
        18     64408     27763  6.0480E-01  3.4719E+01
        18     64236     27763  1.7280E-01  3.3217E+01
        18     64649     27763  3.2000E-02  3.1377E+01
        18     64607     27763  8.9600E-02  3.2970E+01
TTb_17N4_380_8   3.4087E+01 -3.2013E+00  2.1778E+01  3.8082E+02
        19     68102     31103 -1.0880E-01  2.9645E+01
        19     68449     31103 -8.0000E-02  3.2210E+01
        19     68340     31103 -1.1520E-01  2.8324E+01
        19     68368     31103 -9.1200E-02  2.8435E+01
        19     68276     31103  1.3600E-01  3.0564E+01
        19     68396     31103  7.2000E-02  3.0648E+01
        19     68222     31103  2.4480E-01  2.9089E+01
        19     68236     31103  5.1680E-01  2.8997E+01
        19     68414     31103  1.5200E-01  3.0908E+01
        19     68355     31103  2.7360E-01  2.9142E+01
   TTb_17S_398   2.9483E+01  7.1154E-02  2.4462E+01  3.9801E+02
        20     69260     29131 -1.0080E-01  5.1018E+01
        20     68803     29131 -8.0000E-02  3.5298E+01
        20     68854     29131 -1.2320E-01  3.4669E+01
        20     68669     29131 -1.9200E-02  3.4870E+01
        20     68986     29131  5.6000E-02  4.2712E+01
        20     68830     29131  1.1200E-01  3.6707E+01
        20     69033     29131  1.5680E-01  4.4279E+01
        20     68942     29131  2.6880E-01  4.1560E+01
        20     68730     29131  1.9200E-01  3.5138E+01
        20     68750     29131  5.3760E-01  3.5667E+01
   TTb_17U_401   3.7631E+01 -1.8059E-02  2.4111E+01  4.0100E+02
        21     68449     19578 -3.6800E-02  3.2210E+01
        21     68704     19578 -8.0000E-02  3.4998E+01
        21     68901     19578  9.2800E-02  4.0619E+01
        21     68669     19578 -1.2320E-01  3.4870E+01
        21     68574     19578  1.6000E-02  3.3609E+01
        21     68788     19578  2.3200E-01  3.7756E+01
        21     68670     19578  9.2800E-02  3.5276E+01
        21     68554     19578  4.4800E-02  3.3444E+01
        21     68687     19578  1.1200E-01  3.5364E+01
        21     68774     19578  6.4960E-01  3.7827E+01
   TTb_17S_401   3.8091E+01  1.6846E-01  2.5820E+01  4.0094E+02
        22     68913     22650 -5.2800E-02  3.1670E+01
        22     68571     22650 -8.0000E-02  3.1712E+01
        22     68645     22650 -1.1520E-01  3.1819E+01
        22     68901     22650 -1.2320E-01  4.0619E+01
        22     68727     22650  1.7600E-01  3.1876E+01
        22     68605     22650  7.2000E-02  3.1746E+01
        22     68771     22650  3.1680E-01  3.1898E+01
        22     68907     22650  4.9280E-01  3.8429E+01
        22     68721     22650  1.1200E-01  3.5382E+01
        22     68766     22650  2.0160E-01  3.6000E+01
   TTb_17N_401   3.5281E+01 -2.2078E-02  2.7664E+01  4.0109E+02
        -1
        -1
        -1
  2.1000D+01
         1     21246     25076 -3.6800E-02  1.6308E+01
         1     23488     25076 -1.2000E-01  1.4582E+01
         1     21089     25076  9.2800E-02  1.7440E+01
         1     23703     25076 -6.7200E-02  1.6764E+01
         1     22381     25076  4.8000E-02  1.5619E+01
         1     22286     25076  6.9600E-01  1.6235E+01
         1     21165     25076  9.2800E-02  1.6832E+01
         1     22502     25076  1.2800E-02  1.6391E+01
         1     23578     25076  9.6000E-02  1.5531E+01
         1     22436     25076  1.8560E-01  1.7171E+01
   TTb_17U_294   1.6641E+01 -7.0308E-02  1.9861E+00  2.9403E+02
         2     21559     16882 -3.6800E-02  2.5184E+01
         2     21506     16882 -1.2000E-01  2.4657E+01
         2     23258     16882 -9.1200E-02  2.3882E+01
         2     23129     16882 -9.1200E-02  2.5874E+01
         2     21537     16882  3.2000E-02  2.4926E+01
         2     22357     16882  3.0400E-01  2.4319E+01
         2     22390     16882  6.0800E-02  2.4594E+01
         2     22319     16882  6.0800E-02  2.5531E+01
         2     22303     16882  3.0400E-01  2.5247E+01
         2     23190     16882  5.7760E-01  2.4877E+01
   TTb_17S_294   2.4859E+01 -6.3721E-02  1.0511E+01  2.9484E+02
         3     22902     13774 -1.0080E-01  3.5846E+01
         3     22628     13774 -1.2000E-01  3.4179E+01
         3     24142     13774 -1.1520E-01  3.5716E+01
         3     23777     13774 -1.9200E-02  3.6152E+01
         3     22746     13774  1.1200E-01  3.5085E+01
         3     23367     13774  1.4400E-01  3.4941E+01
         3     23496     13774  1.0080E-01  3.6002E+01
         3     23382     13774  2.6880E-01  3.6110E+01
         3     23245     13774  3.8400E-01  3.5124E+01
         3     23929     13774  3.4560E-01  3.5952E+01
   TTb_17N_294   3.5686E+01 -3.6264E-02  1.9284E+01  2.9563E+02
         4     46809     10733 -5.2800E-02  1.5600E+01
         4     46853     10733 -1.2000E-01  1.5735E+01
         4     47497     10733 -1.1520E-01  1.5987E+01
         4     46997     10733 -6.7200E-02  1.9331E+01
         4     46832     10733  5.2800E-01  1.5682E+01
         4     47176     10733  2.1600E-01  1.5865E+01
         4     47151     10733  3.1680E-01  1.5815E+01
         4     46898     10733  1.4080E-01  1.7448E+01
         4     46918     10733  9.6000E-02  1.7524E+01
         4     47249     10733  5.7600E-02  1.7632E+01
   TTb_17U_330   1.6019E+01 -8.0806E-02  2.7212E+00  3.2995E+02
         5     47420      8329 -3.6800E-02  2.9089E+01
         5     47294      8329 -8.0000E-02  2.5986E+01
         5     46659      8329 -1.9200E-02  2.7884E+01
         5     47034      8329 -6.7200E-02  2.5727E+01
         5     47358      8329  6.4000E-02  2.7543E+01
         5     46993      8329  7.6800E-01  2.6940E+01
         5     47038      8329  7.6800E-02  2.8494E+01
         5     47229      8329  1.2800E-02  2.7402E+01
         5     47162      8329  1.2800E-01  2.5872E+01
         5     46845      8329  1.5360E-01  2.6806E+01
   TTb_17S_330   2.7007E+01  1.3245E-02  8.6231E+00  3.2999E+02
         6     47178     33626  4.3200E-02  3.9213E+01
         6     46677     33626 -1.2000E-01  3.6894E+01
         6     46485     33626 -6.7200E-02  3.9286E+01
         6     47238     33626 -6.7200E-02  3.6823E+01
         6     46933     33626  6.4800E-01  3.8273E+01
         6     46576     33626  9.6000E-02  3.8270E+01
         6     46842     33626  1.7280E-01  3.9267E+01
         6     47209     33626  1.7280E-01  3.8199E+01
         6     46958     33626  9.6000E-02  3.6874E+01
         6     46867     33626  2.5600E-02  3.8200E+01
   TTb_17N_330   3.8531E+01  7.4289E-02  1.4670E+01  3.3000E+02
         7     52627     10096 -1.0880E-01  1.8556E+01
         7     52477     10096 -8.0000E-02  2.2690E+01
         7     52894     10096 -1.1520E-01  2.1416E+01
         7     52187     10096 -9.1200E-02  2.3127E+01
         7     52541     10096  1.3600E-01  2.0426E+01
         7     52674     10096  7.2000E-02  2.2042E+01
         7     52755     10096  2.4480E-01  1.9894E+01
         7     52396     10096  5.1680E-01  2.0611E+01
         7     52322     10096  1.5200E-01  2.2912E+01
         7     52517     10096  2.7360E-01  2.2263E+01
   TTb_17U_348   2.1050E+01 -9.4330E-02  7.1666E+00  3.4810E+02
         8     52673      9876 -1.2480E-01  2.5291E+01
         8     52305      9876  1.2000E-01  2.7980E+01
         8     52678      9876 -6.7200E-02  2.6777E+01
         8     51920      9876 -6.7200E-02  2.5381E+01
         8     52490      9876  5.7600E-01  2.6654E+01
         8     52491      9876  1.9200E-01  2.7379E+01
         8     52676      9876  7.6800E-02  2.6040E+01
         8     52236      9876  7.6800E-02  2.5345E+01
         8     52108      9876  1.9200E-01  2.6664E+01
         8     52238      9876  2.5600E-02  2.6048E+01
   TTb_17S_348   2.7038E+01  1.3412E-01  1.0333E+01  3.4792E+02
         9     52848     21090 -3.6800E-02  3.0216E+01
         9     52377     21090  1.2000E-01  3.4123E+01
         9     52853     21090 -6.7200E-02  3.4348E+01
         9     52366     21090 -1.2320E-01  3.1138E+01
         9     52597     21090  9.6000E-02  3.2197E+01
         9     52598     21090  1.9200E-01  3.4244E+01
         9     52851     21090  1.2800E-02  3.2344E+01
         9     52592     21090  4.4800E-02  3.0690E+01
         9     52370     21090  6.7200E-01  3.2662E+01
         9     52593     21090  8.9600E-02  3.2795E+01
   TTb_17N_348   3.3181E+01  4.6526E-02  1.3533E+01  3.4800E+02
        10     54898     17738 -3.6800E-02  3.6254E+01
        10     53834     17738 -1.2000E-01  3.6524E+01
        10     54876     17738 -1.2320E-01  3.6228E+01
        10     54357     17738 -1.9200E-02  3.5958E+01
        10     54394     17738  3.2000E-02  3.6338E+01
        10     54383     17738  2.2400E-01  3.6349E+01
        10     54886     17738  4.4800E-02  3.6261E+01
        10     54633     17738  7.6800E-02  3.6348E+01
        10     54150     17738  3.8400E-01  3.6498E+01
        10     54631     17738  5.3760E-01  3.6353E+01
 TTb_17N_350.8   3.6409E+01  1.7599E-01  1.6469E+01  3.5076E+02
        11     61534     21248 -5.2800E-02  2.5312E+01
        11     60918     21248 -1.2000E-01  2.8869E+01
        11     61117     21248 -6.7200E-02  2.4303E+01
        11     61232     21248 -1.2320E-01  2.8126E+01
        11     61238     21248  3.5200E-01  2.7034E+01
        11     61022     21248  6.4000E-02  2.6482E+01
        11     61321     21248  1.4080E-01  2.4806E+01
        11     61382     21248  4.9280E-01  2.6682E+01
        11     61081     21248  2.2400E-01  2.8507E+01
        11     61174     21248  8.9600E-02  2.6144E+01
   TTb_17S_370   2.6681E+01 -1.2257E-02  1.4816E+01  3.6986E+02
        12     63161     33328  3.5520E-01  2.3598E+01
        12     63693     33328 -8.0000E-02  2.2885E+01
        12     63039     33328 -6.7200E-02  2.3831E+01
        12     63340     33328 -6.7200E-02  2.4769E+01
        12     63391     33328  2.9600E-01  2.3350E+01
        12     63318     33328  3.2000E-02  2.3453E+01
        12     63094     33328  2.3680E-01  2.3732E+01
        12     63249     33328  2.3680E-01  2.4097E+01
        12     63499     33328  3.2000E-02  2.3733E+01
        12     63186     33328  2.5600E-02  2.4278E+01
   TTb_17U_378   2.3654E+01 -1.0650E-01  1.4954E+01  3.7812E+02
        13     63363     15589 -5.2800E-02  2.7500E+01
        13     62733     15589 -1.2000E-01  2.6916E+01
        13     63340     15589 -1.1520E-01  2.4769E+01
        13     63132     15589 -1.1520E-01  2.5407E+01
        13     63025     15589  3.5200E-01  2.7219E+01
        13     63014     15589  1.4400E-01  2.5832E+01
        13     63352     15589  3.1680E-01  2.6044E+01
        13     63246     15589  3.1680E-01  2.6413E+01
        13     62931     15589  1.4400E-01  2.6161E+01
        13     63240     15589  1.2960E-01  2.5100E+01
   TTb_17S_378   2.6477E+01  3.9425E-02  1.7196E+01  3.7802E+02
        14     63260     14750 -1.2480E-01  2.9120E+01
        14     62866     14750 -8.0000E-02  2.9059E+01
        14     63190     14750  9.2800E-02  3.0778E+01
        14     63363     14750 -6.7200E-02  2.7500E+01
        14     63051     14750  9.6000E-02  2.9089E+01
        14     63015     14750  2.3200E-01  2.9961E+01
        14     63229     14750  5.5680E-01  3.0029E+01
        14     63309     14750  7.6800E-02  2.8320E+01
        14     63092     14750  3.2000E-02  2.8305E+01
        14     63272     14750  1.8560E-01  2.9250E+01
   TTb_17N_378   3.0023E+01  3.6818E-02  1.9294E+01  3.7803E+02
        15     64404     23358 -3.6800E-02  3.1781E+01
        15     64010     23358 -8.0000E-02  3.1840E+01
        15     64787     23358 -1.1520E-01  3.1476E+01
        15     64438     23358 -9.1200E-02  3.1065E+01
        15     64224     23358  6.4000E-02  3.1774E+01
        15     64408     23358  2.8800E-01  3.1675E+01
        15     64584     23358  2.8800E-02  3.1608E+01
        15     64422     23358  6.0800E-02  3.1698E+01
        15     64236     23358  6.0800E-01  3.1736E+01
        15     64607     23358  2.7360E-01  3.1505E+01
TTb_17N1_380_8   3.1733E+01 -3.7495E+00  2.1491E+01  3.8075E+02
        16     64010     27763  4.3200E-02  3.1840E+01
        16     64941     27763 -8.0000E-02  3.0220E+01
        16     64787     27763 -1.1520E-01  3.1476E+01
        16     64438     27763 -1.1520E-01  3.1065E+01
        16     64468     27763  2.1600E-01  3.1529E+01
        16     64884     27763  7.2000E-02  3.1229E+01
        16     64408     27763  3.8880E-01  3.1675E+01
        16     64236     27763  3.8880E-01  3.1736E+01
        16     64649     27763  7.2000E-02  3.0693E+01
        16     64607     27763  1.2960E-01  3.1505E+01
TTb_17N2_380_8   3.1759E+01 -3.3515E+00  2.1608E+01  3.8073E+02
        17     64010     27763  4.3200E-02  3.1840E+01
        17     64941     27763 -8.0000E-02  3.0220E+01
        17     64787     27763 -1.2320E-01  3.1476E+01
        17     64438     27763 -6.7200E-02  3.1065E+01
        17     64468     27763  2.1600E-01  3.1529E+01
        17     64884     27763  1.1200E-01  3.1229E+01
        17     64408     27763  6.0480E-01  3.1675E+01
        17     64236     27763  1.7280E-01  3.1736E+01
        17     64649     27763  3.2000E-02  3.0693E+01
        17     64607     27763  8.9600E-02  3.1505E+01
TTb_17N3_380_8   3.1747E+01 -3.2013E+00  2.1778E+01  3.8082E+02
        18     64010     27763  4.3200E-02  3.1840E+01
        18     64941     27763 -8.0000E-02  3.0220E+01
        18     64787     27763 -1.2320E-01  3.1476E+01
        18     64438     27763 -6.7200E-02  3.1065E+01
        18     64468     27763  2.1600E-01  3.1529E+01
        18     64884     27763  1.1200E-01  3.1229E+01
        18     64408     27763  6.0480E-01  3.1675E+01
        18     64236     27763  1.7280E-01  3.1736E+01
        18     64649     27763  3.2000E-02  3.0693E+01
        18     64607     27763  8.9600E-02  3.1505E+01
TTb_17N4_380_8   3.1747E+01 -3.2013E+00  2.1778E+01  3.8082E+02
        19     68102     31103 -1.0880E-01  2.8966E+01
        19     68449     31103 -8.0000E-02  3.1314E+01
        19     68340     31103 -1.1520E-01  2.7779E+01
        19     68368     31103 -9.1200E-02  2.7884E+01
        19     68276     31103  1.3600E-01  2.9846E+01
        19     68396     31103  7.2000E-02  3.0099E+01
        19     68222     31103  2.4480E-01  2.8689E+01
        19     68236     31103  5.1680E-01  2.8616E+01
        19     68414     31103  1.5200E-01  3.0404E+01
        19     68355     31103  2.7360E-01  2.8724E+01
   TTb_17S_398   2.9119E+01  7.1154E-02  2.4462E+01  3.9801E+02
        20     69260     29131 -1.0080E-01  4.4554E+01
        20     68803     29131 -8.0000E-02  3.3496E+01
        20     68854     29131 -1.2320E-01  3.2623E+01
        20     68669     29131 -1.9200E-02  3.3805E+01
        20     68986     29131  5.6000E-02  3.9368E+01
        20     68830     29131  1.1200E-01  3.4869E+01
        20     69033     29131  1.5680E-01  4.0757E+01
        20     68942     29131  2.6880E-01  3.9003E+01
        20     68730     29131  1.9200E-01  3.3796E+01
        20     68750     29131  5.3760E-01  3.4265E+01
   TTb_17U_401   3.6055E+01 -1.8059E-02  2.4111E+01  4.0100E+02
        21     68449     19578 -3.6800E-02  3.1314E+01
        21     68704     19578 -8.0000E-02  3.3507E+01
        21     68901     19578  9.2800E-02  3.8310E+01
        21     68669     19578 -1.2320E-01  3.3805E+01
        21     68574     19578  1.6000E-02  3.2524E+01
        21     68788     19578  2.3200E-01  3.6041E+01
        21     68670     19578  9.2800E-02  3.4083E+01
        21     68554     19578  4.4800E-02  3.2632E+01
        21     68687     19578  1.1200E-01  3.4193E+01
        21     68774     19578  6.4960E-01  3.6307E+01
   TTb_17S_401   3.6478E+01  1.6846E-01  2.5820E+01  4.0094E+02
        22     68913     22650 -5.2800E-02  2.8914E+01
        22     68571     22650 -8.0000E-02  2.8960E+01
        22     68645     22650 -1.1520E-01  2.9008E+01
        22     68901     22650 -1.2320E-01  3.8310E+01
        22     68727     22650  1.7600E-01  2.9052E+01
        22     68605     22650  7.2000E-02  2.8940E+01
        22     68771     22650  3.1680E-01  2.9054E+01
        22     68907     22650  4.9280E-01  3.6061E+01
        22     68721     22650  1.1200E-01  3.3741E+01
        22     68766     22650  2.0160E-01  3.4240E+01
   TTb_17N_401   3.2949E+01 -2.2078E-02  2.7664E+01  4.0109E+02
        -1
